          26         104         231         355         153          93         171         147          28           0           0           4          27          44           0           1          25           0           0           0           0           0           0           0           0
          75         203         325         698        1142        1232        1136        1102         573         263         267         388         187         237         106         112         110          98          63           1          15           0           0           0           0
          50         275         466         621        1054        1359        1834        2741        2603        1977         831         854         303         249         373         414         212         185          75          70           0           0           0           0           0
          52         174         383         303         873        1605        2298        3067        3412        3074        3314        1815         952         616         533         488         408         220         138          56           0           0           0           0           0
          52         103          98         424         849        1196        2132        2369        3465        3622        4242        3349        1694         895         617         566         360         222         109          60          10           0           0           0           0
          55         112         168         390         496         885        1259        1839        2930        3599        4262        3860        2522        1904         800         483         326         150         211          40           2           0           0           0           0
           6         113         145         305         469         981        1297        1600        1952        2740        2816        3298        3181        2117        1556         709         354         141          73          18           4           0           0           0           0
           4          49         104         111         236         468         860        1129        1408        1872        2342        2680        2870        2220        1666        1074         380         125         139          20           1           0           0           0           0
           3           3          50         105         333         446         864         928         949        1563        1870        2222        2439        2330        1814         908         415         140         103           9           1           0           0           0           0
           0           2           2          75          95         139         355         533         808        1233        1468        1753        1926        1822        1651        1181         543         142          57          17           1           0           0           0           0
           0           1           1           1          80         143         140         445         589         693        1040         867        1312        1673        1296         928         437         151          52          16           1           0           0           0           0
           1           1           0          23          73          28         219         111         381         569         722         875        1028        1145        1328        1218         553         146          54          15           0           0           0           0           0
           0           0           0           2          50           3          79         188         291         486         445         971         969        1124        1260        1012         400         139          46          16           1           0           0           0           0
           0           0           1           0          51          25          73          44         107         213         751         558         727         974         961         815         571         123          27          20           5           0           0           0           0
           0           0           0           2          25          40          98          83          92         114         438         334         685         652         947         494         370         117          34          12           5           5           0           0           0
