          38         742        9309       33458       62486       87699       91966       75384       53030       33376       19011       11047        8226        6718        5870        4658        4225        3754        3222        2540        1133         489          91           5           0
         180         235         294        4688       35788       85550      179364      279850      376276      377208      318099      271188      188595       75783       42920       31150       23167       17442       14527       11910        4792        1539         326           6           0
         269         287         312         612        7123       21710       47795       83624      143246      237082      328780      352262      354231      239384      117412       60219       40444       28548       23241       16720        7445        1459         166           0           0
         158         171         168         166        1860        7436       16807       30825       45520       75535      112446      162423      210373      191121      143523       82785       45745       30933       23615       16457        5992        1121         114           0           0
         168         169         205         185         629        3166        7343       14869       23741       37513       52749       76049      105360      120165      121423       82945       48799       30831       21854       13745        4389         512         113           0           0
         116         130         156         125         291        1241        3472        7899       12259       21176       33577       47867       62679       73219       86851       73770       47233       26335       16484        9496        2744         294          84           0           0
          64          67          81          79         127         394        1357        3206        6401       10896       20952       31207       43140       49157       56664       55082       41177       23366       13165        6555        1448         166          56           0           0
          25          18          36          53          42         291         430        1569        3210        6361       11380       21687       32280       36865       42395       42386       35313       21424       10482        4033        1122          99           3           0           0
          20          22          26          29          21          71         447         857        1497        3350        6613       13596       23605       30689       31810       34653       30972       18918        7788        3021         859          82           5           0           0
          12           9          13          11          19          95         265         267         999        1881        3451        9734       17992       26357       27996       28078       27947       17645        5709        1846         523          36          11           0           0
          10          16          17           9          12          12          49          63         459         788        2123        5332       11840       20209       23501       25125       25854       16866        5134        1395         433          26          12           0           0
          11          13           5           3          13           3           7          36          64         295         946        2484        7102       14020       20273       21878       23536       15760        4269        1060         287          13           0           0           0
           0           2           1           3           7           4           4           2          13         175         323         872        3998       10385       16020       18218       22537       14519        3792         975         241          15           0           0           0
           3           0           6           4           3           7           4           5           7          29         129         426        1747        8096       14320       15296       21480       13872        3369         838         239          24           0           0           0
           2           2           4           0           0           3           3           3           2           2         120         140         892        5416       11900       13273       20004       12754        2821         792         171           5           0           0           0
