          16          16          12           6          11         141        2353        9713       10317        9549        7741        5016        2058        1235         433         748         770        1442        2289        2656         830          15           8           0           0
          54          67          58          52          61          61          81         307        2883       19099       35195       28643       29915       29615       12156        4289        3708        5127        9231       10599        3604         109          11           0           0
         136         135         130         172         189         190         172         247         460        4571       27571       54698       76185      106104      106707       42499       17314       13307       16241       16385        6041         207          12           0           0
         154         195         185         192         202         273         259         297         327         796        3716       16843       39947       80367      122659       86350       49017       27085       22282       19844        7915         262           3           0           0
         131         152         155         178         197         219         207         223         275         387         824        2832       10107       26146       60593       68901       59042       39140       27449       20018        7793         219           3           0           0
         128         164         147         156         204         181         187         230         238         276         309         682        2938        8477       21795       38639       45699       38700       28289       18558        6418         207           2           0           0
         106         127         142         166         173         146         164         169         147         171         168         232        1242        3739        9106       19825       31198       33018       25499       15091        4786         174           0           0           0
          93          71          79          65          84          98         119         101         112          91          94         155         427        1991        5211       10629       19663       24309       20676       11292        3633         169           0           0           0
          31          39          49          75          71          49          64          61          63          50          68         120         287        1246        3514        6694       11925       18164       15373        8149        2787         124           0           0           0
          26          21          26          22          35          27          39          32          27          44          47          96         116         618        2054        4518        6880       12759       11346        5952        1847          86           0           0           0
          22           8           9          12          21          21          12          25          34          30          14          32          75         360        1402        3093        5103        9445        8698        4245        1605          92           2           0           0
           4          15           8           6          15          10          16          14          14          12          14          12          19         154         710        2052        3346        7513        6610        2993        1271         120           0           0           0
           0           7           6           8           4          12           2           1          14          13          10          13          22         123         427        1300        2599        5883        4723        2367         874          69           0           0           0
           4           7           7           4           2           9           4           2           7           2           8           3           7          19         161         968        1877        4091        3362        1610         601          58           0           0           0
           0           6           2           1           0           2           0           2           8           2           2           6          10          21         148         669        1254        3542        2665        1261         574          30           0           0           0
