           0           0           0           0           0           0           0           0           0           0           0           0           0           0           0           0           0           0           0           0           0           0           0           0           0
           0           0           0           0           0           0           0           0           0           0           0           0           0           0           0           0           0           0           0           0           0           0           0           0           0
          25           0           0           0           0           0           0           0           0           0           0          24           0           0           0           0           0           0           0           0           0           0           0           0           0
          23          20           0           0           0          25           0           0           0           0           0           1           0           0           0           0           0           0           0           0           0           0           0           0           0
           0           0          25          23           1          23          20           1           0           2          19           0           0           0           0           0           0           0           0           0           0           0           0           0           0
           0           2          36           0          31          12          25           0           0           0           0           9          17          23           0           0           1           1           1           0           0           0           0           0           0
           1           0           0          15          19          12          24           1          18           0           0          48           0           1           1          14           0           0           1           1           0           0           0           0           0
           0          25           0           0          25          42          24           1           0          20           1          22          26           0           0          19           0           1           0           0           0           0           0           0           0
          62           0           0           0          42          20          26          24           0           0           0           0           0           0          22          21           8           1           1           0           0           0           0           0           0
           0           0          24          18          44          27          10          31           3           0           0           1           0           0           0           1           1           0           0           1           0           0           0           0           0
           0           0           0          22          15           5          32          22          24           0           0           0           0           0           1           0          24           2           0           0           0           0           0           0           0
           0           0           0          22          21          20          63          23           0           0           0          25           0           0           0           2           0           1           1           0           0           0           0           0           0
           0           0           0          24           0           0          26           1          22           6           1          23           1           0           0          20           6           0           0           0           0           0           0           0           0
           0           0           0           0           0           0           0           0           0           0           0          13          10           0           0          19           6           0           0           0           0           0           0           0           0
           0           0           0           0           0           0           0          15           4          20           0           0           0           0           0           1           0           0           0           0           0           0           0           0           0
