-88.9277 -87.5387 -86.1415 -84.7424 -83.3426 -81.9425 -80.5421 -79.1417
-77.7412 -76.3406 -74.94 -73.5394 -72.1387 -70.7381 -69.3374 -67.9367 -66.536 -65.1353
-63.7345 -62.3338 -60.9331 -59.5323 -58.1316 -56.7309 -55.3301 -53.9294 -52.5286 -51.1279
-49.7271 -48.3264 -46.9256 -45.5248 -44.1241 -42.7233 -41.3226 -39.9218 -38.5211 -37.1203
-35.7195 -34.3188 -32.918 -31.5172 -30.1165 -28.7157 -27.315 -25.9142 -24.5134 -23.1127
-21.7119 -20.3111 -18.9104 -17.5096 -16.1088 -14.7081 -13.3073 -11.9065 -10.5058 -9.10499
-7.70422 -6.30345 -4.90269 -3.50192 -2.10115 -0.700384 0.700384 2.10115 3.50192 4.90269
6.30345 7.70422 9.10499 10.5058 11.9065 13.3073 14.7081 16.1088 17.5096 18.9104
20.3111 21.7119 23.1127 24.5134 25.9142 27.315 28.7157 30.1165 31.5172 32.918
34.3188 35.7195 37.1203 38.5211 39.9218 41.3226 42.7233 44.1241 45.5248 46.9256
48.3264 49.7271 51.1279 52.5286 53.9294 55.3301 56.7309 58.1316 59.5323 60.9331
62.3338 63.7345 65.1353 66.536 67.9367 69.3374 70.7381 72.1387 73.5394 74.94
76.3406 77.7412 79.1417 80.5421 81.9425 83.3426 84.7424 86.1415 87.5387 88.9277
